200.0 0.0
199.8 -0.2
199.40200000000002 -0.398
198.80798000000001 -0.59402
198.01990020000002 -0.7880798
197.03970119800002 -0.980199002
195.86930418602003 -1.17039701198
194.51061114415984 -1.3586930418602
192.96550503271823 -1.5451061114415978
191.23584998239104 -1.729655050327182
189.32349148256714 -1.91235849982391
187.23025656774146 -2.093234914825671
184.95795400206404 -2.2723025656774145
182.5083744620434 -2.44957954002064
179.88329071742297 -2.625083744620434
177.08445781024875 -2.7988329071742295
174.11361323214626 -2.9708445781024873
170.9724770998248 -3.1411361323214626
167.66275232882654 -3.309724770998248
164.18612480553827 -3.4766275232882657
160.54426355748288 -3.641861248055383
156.73882092190806 -3.805442635574829
152.77143271268898 -3.967388209219081
148.6437183855621 -4.12771432712689
144.35728120170648 -4.286437183855622
139.91370838968942 -4.443572812017066
135.31457130579253 -4.5991370838968955
130.5614255927346 -4.753145713057926
125.65581133680725 -4.905614255927347
120.59925322343918 -5.056558113368073
115.39326069120479 -5.205992532234392
110.03932808429273 -5.353932606912048
104.5389348034498 -5.5003932808429274
98.8935454554153 -5.645389348034498
93.10461000086116 -5.788935454554153
87.17356390085254 -5.931046100008611
81.10182826184402 -6.0717356390085255
74.89080997922558 -6.21101828261844
68.54190187943333 -6.348908099792255
62.056482860638994 -6.485419018794333
55.4359180320326 -6.62056482860639
48.681558851712275 -6.754359180320326
41.79474326319515 -6.8868155885171225
34.7767958305632 -7.017947432631951
27.62902787225757 -7.147767958305631
20.352737593534997 -7.276290278722575
12.949210217599648 -7.403527375935349
5.419718115423652 -7.529492102175996
-2.234479065730585 -7.654197181154236
-10.01213427507328 -7.777655209342694
-17.912012932322547 -7.899878657249267
-25.93289280299932 -8.020879870676774
-34.073563874969324 -8.140671071970006
-42.332828236219626 -8.259264361250306
-50.70949995385743 -8.376671717637803
-59.20240495431886 -8.492905000461425
-67.81038090477567 -8.607975950456812
-76.53227709572792 -8.721896190952243
-85.36695432477065 -8.834677229042722
-94.31328478152294 -8.946330456752294
-103.37015193370772 -9.056867152184772
-112.53645041437065 -9.166298480662924
-121.81108591022695 -9.274635495856295
-131.19297505112468 -9.381889140897732
-140.68104530061342 -9.488070249488754
-150.2742348476073 -9.593189546993866
-159.97149249913122 -9.697257651523927
-169.7717775741399 -9.800285075008688
-179.6740597983985 -9.9022822242586
-189.67731920041453 -10.003259402016015
-199.7805460084104 -10.103226807995854
-209.9827405483263 -10.202194539915896
-220.28291314284303 -10.300172594516736
-230.6800840114146 -10.39717086857157
-241.17328317130045 -10.493199159885854
-251.76155033958744 -10.588267168286995
-262.44393483619154 -10.682384496604126
-273.21949548782965 -10.775560651638084
-284.08730053295136 -10.867805045121704
-295.04642752762186 -10.959126994670488
-306.09596325234565 -11.049535724723782
-317.2350036198222 -11.139040367476545
-328.46265358362393 -11.22764996380178
-339.7780270477877 -11.31537346416376
-351.18024677730983 -11.402219729522123
-362.6684443095367 -11.488197532226902
-374.2417598664413 -11.573315556904634
-385.8993422677769 -11.657582401335587
-397.64034884509914 -11.741006577322231
-409.46394535664814 -11.82359651154901
-421.3693059030817 -11.905360546433519
-433.3556128440509 -11.986306940969184
-445.4220567156104 -12.066443871559493
-457.56783614845426 -12.145779432843897
-469.7921577869697 -12.224321638515457
-482.0942362091 -12.302078422130302
-494.473293847009 -12.379057637909
-506.92856090853894 -12.45526706152991
-519.4592752994536 -12.53071439091461
-532.064682546459 -12.605407247005465
-544.7440357209945 -12.679353174535409
-557.4965953637845 -12.752559642790056
-570.3216294101467 -12.825034046362155
-583.2184131160452 -12.896783705898534
-596.1862289848848 -12.967815868839548
-609.224366695036 -13.038137710151153
-622.3321230280857 -13.107756333049641
-635.5088017978048 -13.176678769719144
-648.7537137798267 -13.244911982021954
-662.0661766420285 -13.312462862201734
-675.4455148756082 -13.379338233579716
-688.8910597268521 -13.44554485124392
-702.4021491295836 -13.51108940273148
-715.9781276382877 -13.575978508704166
-729.6183463619047 -13.640218723617124
-743.3221628982857 -13.703816536380954
-757.0889412693028 -13.766778371017145
-770.9180518566098 -13.829110587306973
-784.8088713380438 -13.890819481433903
-798.7607826246633 -13.951911286619564
-812.7731747984167 -14.01239217375337
-826.8454430504326 -14.072268252015835
-840.9769886199282 -14.131545569495676
-855.1672187337289 -14.19023011380072
-869.4155465463916 -14.248327812662712
-883.7213910809277 -14.305844534536085
-898.0841771701184 -14.362786089190724
-912.5033353984172 -14.419158228298818
-926.978302044433 -14.47496664601583
-941.5085190239887 -14.530216979555671
-956.0934338337488 -14.584914809760114
-970.7324994954113 -14.639065661662514
-985.4251745004572 -14.692675005045889
-1000.1709227554526 -14.74574825499543
-1014.9692135278981 -14.798290772445476
-1029.8195213926192 -14.850307864721021
-1044.721326178693 -14.90180478607381
-1059.674112916906 -14.952786738213073
-1074.677371787737 -15.003258870830942
-1089.7305980698595 -15.053226282122633
-1104.833292089161 -15.102694019301406
-1119.9849591682694 -15.151667079108392
-1135.1851095765867 -15.200150408317308
-1150.4332584808208 -15.248148904234135
-1165.7289258960125 -15.295667415191794
-1181.0716366370523 -15.342710741039875
-1196.4609202706818 -15.389283633629477