180.0 200.0
180.0 200.4
180.0 201.196
180.00319996586677 202.38402720006826
180.01753427747747 203.96001823867186
180.05636256397062 205.9194898991026
180.1387005081912 208.2569507596205
180.4828654724553 210.91535893967878
181.11131025688746 213.86732139747517
182.048262973864 217.0795763950162
183.31812232107907 220.51240885610716
184.9435916342511 224.1193493022495
186.9436130558491 227.8473271784852
189.33125370096715 231.63742789748636
192.11178139197241 235.42633336797692
195.28121674345414 239.1484060326515
198.82562746869291 242.73822822973284
202.72132349886445 246.1332780800033
206.9359371233932 249.27636432313048
211.43018684568233 252.11748881160648
216.15999567253894 254.61494509908823
221.0786083108991 256.73564043609497
226.1384235727604 258.45477971931246
231.29238453748758 259.7551301280605
236.49489592505918 260.626089978803
241.70232908018662 261.06273930046564
246.87321940158233 261.0649849513107
251.9682674095822 260.6368536991151
256.9502384090395 259.78594362999985
261.7838307799291 258.52301869733645
266.4355582953601 256.86171944032225
270.8736717773893 254.81836005865884
275.0681309206167 252.41178406862963
278.99062765817587 249.66325492120671
282.61465683734195 246.5963626154093
285.91562701535486 243.23693168047248
288.8710029027004 239.6129196151397
291.4604706677202 235.75429791699997
293.6661175140573 231.69291028899298
295.4726173790903 227.46230459479602
296.8674151345382 223.09753676814384
297.8409022391047 218.63494625961786
298.3865773833158 214.11190379655082
298.5011862869163 209.56653327918372
298.1848354743442 205.03741055873033
297.4410755762286 200.5632426439894
296.2769504893244 196.1825315558141
294.70300956917407 191.93322758157473
292.7332809153651 187.85237706305253
290.38520471736683 183.97577007268728
287.6795265334572 180.33759339227723
284.6401512479201 176.970094109678
281.29395926492174 173.9032589046262
277.6705872268779 171.16451372295046
273.80217617147287 168.77844806269002
269.72309055199406 166.76656754282925
265.4696119344512 165.147077823449
261.07961145297827 163.93470232220463
256.59220525914543 163.14053555067233
252.04739725265281 162.77193329583076
247.48571334529893 162.8324403125953
242.94783140368096 163.32175568367302
238.47421085561112 164.23573554895725
234.10472574658073 165.56643250977942
229.8783048097375 167.30217067157704
225.83258187724462 169.4276549972895
222.00355972128438 171.92411339674922
218.42529017531697 174.7694697674049
215.12957315392902 177.9385460217808
212.1456769639613 181.40329098060388
209.50008208014128 185.13303387197953
207.21625034350075 189.09476005207594
205.31442132803505 193.25340644854748
203.81143740765913 197.57217412277285
202.72059883889762 202.0128552504957
202.05154995262023 206.5361717332502
201.81019731875435 211.10212257644875
201.99866051021144 215.67033710619265
202.61525584592667 220.20043104806274
203.65451323834768 224.65236245980626
205.10722600904043 228.98678449833892
206.96053326904942 233.16539201199166
209.1980341905296 237.1512589832607
211.79993322564448 240.90916390684788
214.7432150607822 244.40590027338538
218.00184783194115 247.6105694412821
221.54701287390895 250.49485331743318
225.34735903480063 253.03326443140892
229.36927936170525 255.2033711760146
233.57720775549154 256.9859961981788
237.93393300585765 258.3653861559952
242.4009274537886 259.32935130809864
246.93868738968104 259.8693736678223
251.50708218312246 259.9806827339922
256.0657090559205 259.66229809984145
260.5742503543471 258.9170385383773
264.9928301502176 257.75149746356453
269.2823670035385 256.1759849688694
273.4049197518867 254.2044369450559
277.3240232529649 251.85429207473132
281.0050110961749 249.1463377892038
284.415322415562 246.10452655106937
287.5247900788656 242.75576409106415
290.30590769421156 239.12967147774177
292.7340730655473 235.25832313127552
294.7878059384216 231.1759631061414
296.44893810717565 226.91870215980185
297.70277420090866 222.5241982941715
298.53822172648444 218.03132360220724
298.94788922000566 213.47982037223375
298.92815164118144 208.90994949662422
298.4791824353553 204.36213429845333
297.604951983106 199.8766029292066
296.3131924547067 195.49303250227115
294.61532938374353 191.25019811068938
292.5263805682722 187.18562983369935
290.06482319647677 183.33528076531795
287.25243037437554 179.73320900028025
284.11407850326043 176.41127638889103
280.6775272118918 173.3988667238544
276.97317379075923 170.72262585022222
273.0337843008337 168.40622599573797
268.89420373519806 166.47015640474856
264.5910477969399 164.93154212637572
260.16237901908727 163.80399255882523
255.64737009072314 163.09748108874254
251.08595736650236 162.81825688970943
246.51848762360376 162.96878965973784
241.98536118990413 163.5477477864559
237.52667459931942 164.5500101331686
233.18186593452913 165.96671134172118
228.98936599363157 167.7853202517247
224.9862583658748 169.9897507428452
221.20795142291425 172.5605040201005
217.68786512675644 175.4748410839946
214.4571354245822 178.70698386031262
211.54433884516249 182.228343210866
208.97523973295318 186.00777180866507
206.772562355767 190.0118396410137
204.95578990193832 194.20512970381688
203.54099214506908 198.55055127174262
202.5406833008768 203.00966797336545
201.96371133360188 207.5430377694213
201.81517969123908 212.11056182697772
202.09640216199597 216.6718392036074
202.80489125139275 221.18652420423763
203.93438018289393 225.61468324969334
205.474878327529 229.91714810026093
207.41275957224738 234.05586230983917
209.7308828453808 237.99421784612196
212.40874373313045 241.69737889924872
215.4226558459736 245.132590014688
218.745960330728 248.2694658247868
222.34926167504952 251.08025981619497