200.0 0.0
200.4 0.4
201.196 0.796
202.38404 1.18804
203.9601996 1.5761596
205.92059760400002 1.960398004
208.26139162796002 2.34079402396
210.97877771168044 2.7173860837204
214.06898993456363 3.0902122228831956
217.528300035218 3.459310100654364
221.35301703486581 3.82471699964782
225.53948686451716 4.186469829651342
230.084091995872 4.544605131354829
234.98325107591327 4.89915908004128
240.23341856515415 5.250167489240868
245.8310843795026 5.597665814348459
251.77277353570759 5.9416891562049745
258.0550458003505 6.282272264642925
264.67449534234703 6.619449541996496
271.6277503889236 6.9532550465765315
278.91147288503436 7.283722496110766
286.522358156184 7.610885271149658
294.45713457462216 7.934776418438162
302.7125632288759 8.25542865425378
311.28543759658714 8.572874367711243
320.1725832206213 8.887145624034131
329.37085738841506 9.198274167793791
338.8771488145309 9.506291426115853
348.68837732638565 9.811228511854694
358.8014935531218 10.113116226736146
369.2134786175906 10.411985064468784
379.92134383141473 10.707865213824096
390.9221303931006 11.000786561685855
402.21290908916956 11.290778696068996
413.79077999827786 11.577870909108306
425.6528721982951 11.862092200017223
437.79634347631213 12.143471278017051
450.21838004154904 12.42203656523688
462.91619624113355 12.69781619958451
475.88703427872224 12.970838037588665
489.128163935935 13.24112965721278
502.63688229657566 13.508718360640652
516.4105134736099 13.773631177034245
530.4464083388738 14.035894865263902
544.741944255485 14.295535916611263
559.2945248129301 14.55258055744515
574.1015795648009 14.807054751870698
589.1605637691529 15.058984204351992
604.4689581314614 15.308394362308473
620.0242685501468 15.555310418685387
635.8240258646453 15.799757314498533
651.8657856059988 16.041759741353548
668.1471277499388 16.281342143940012
684.6656564724394 16.518528722500612
701.418999907715 16.753343435275607
718.4048099086378 16.98581000092285
735.6207618095515 17.215951900913623
753.064554191456 17.443792381904487
770.7339086495414 17.669354458085444
788.626569563046 17.89266091350459
806.7403038674156 18.113734304369544
825.0729008287415 18.332596961325848
843.622171820454 18.54927099171259
862.3859501022495 18.763778281795464
881.362090601227 18.976140498977507
900.5484696952147 19.186379093987732
919.9429849982625 19.394515303047854
939.5435551482799 19.600570150017376
959.3481195967971 19.8045644485172
979.3546384008291 20.00651880403203
999.5610920168208 20.20645361599171
1019.9654810966526 20.40438907983179
1040.5658262856862 20.600345189033472
1061.3601680228294 20.79434173714314
1082.3465663426011 20.98639831977171
1103.523100679175 21.17653433657399
1124.8878696723832 21.36476899320825
1146.4389909756594 21.55112130327617
1168.1746010659028 21.73561009024341
1190.0928550552437 21.918253989340975