0.0 200.0
0.4 200.4
0.796 201.196
1.18804 202.38404
1.5761596 203.9601996
1.960398004 205.92059760400002
2.34079402396 208.26139162796002
2.7173860837204 210.97877771168044
3.0902122228831956 214.06898993456363
3.459310100654364 217.528300035218
3.82471699964782 221.35301703486581
4.186469829651342 225.53948686451716
4.544605131354829 230.084091995872
4.89915908004128 234.98325107591327
5.250167489240868 240.23341856515415
5.597665814348459 245.8310843795026
5.9416891562049745 251.77277353570759
6.282272264642925 258.0550458003505
6.619449541996496 264.67449534234703
6.9532550465765315 271.6277503889236
7.283722496110766 278.91147288503436
7.610885271149658 286.522358156184
7.934776418438162 294.45713457462216
8.25542865425378 302.7125632288759
8.572874367711243 311.28543759658714
8.887145624034131 320.1725832206213
9.198274167793791 329.37085738841506
9.506291426115853 338.8771488145309
9.811228511854694 348.68837732638565
10.113116226736146 358.8014935531218
10.411985064468784 369.2134786175906
10.707865213824096 379.92134383141473
11.000786561685855 390.9221303931006
11.290778696068996 402.21290908916956
11.577870909108306 413.79077999827786
11.862092200017223 425.6528721982951
12.143471278017051 437.79634347631213
12.42203656523688 450.21838004154904
12.69781619958451 462.91619624113355
12.970838037588665 475.88703427872224
13.24112965721278 489.128163935935
13.508718360640652 502.63688229657566
13.773631177034245 516.4105134736099
14.035894865263902 530.4464083388738