180.0 200.0
180.0 199.8
180.0 199.40200000000002
180.00079999786666 198.80798159999787
180.0043838923359 198.0199228716615
180.0140948397797 197.03983970625143
180.03470411882617 195.8698598505391
180.07242169076585 194.51233067281265
180.13486879560367 192.96995891170505
180.23101835902537 191.24597873402217
180.53427933248645 189.39257390861687
180.8911984002797 187.36590593630257
181.4981379005853 185.25628538172694
182.37173304334482 183.09192160627575
183.52577133967557 180.9047737334862
184.97033071363293 178.73034587435725
186.71088604430693 176.60728481886778
188.74742912780246 174.57674431087364
191.0736668549152 172.68149306249617
193.67637847348504 170.96476467015137
196.53502165977335 169.46887661299743
199.6216745537946 168.23368049635457
202.9013832249881 167.2949419872949
206.33294968849592 166.68277936785734
209.8701468250213 166.42030594806397
213.4632902417973 166.52261641693048
217.0610440973452 166.99622710919954
220.61230051336887 167.83902780411105
224.0679603818644 169.0407372983129
227.3824610887299 170.58379034173595
230.51494002339172 172.44453367551853
233.4299810866311 174.59458375171317
236.09795099035887 177.00220098295483
238.4949806261753 179.6335605188132
240.60267670024314 182.45383821024961
242.40765875496808 185.42807209319895
243.90101011540312 188.52179592942844
245.0777142782394 191.70146731827955
245.9361270688808 194.93472757172492
246.4775144002536 198.19053550020536
246.70566856555135 201.4392153183777
246.62660376706336 204.65245299796103
246.248323845938 207.80326796831102
245.58065109202067 210.86597970912726
244.6351035391539 213.81618237851555
243.42480833251784 216.6307355119533
241.964439841136 219.2877750094484
240.270172660335 221.76674591972917
238.35964118367733 224.0484566904887
236.2518988483379 226.1151533459236
233.96737139908038 227.95061127633105
231.52779956232237 229.54024182419914
228.9561673951472 230.87121051560314
226.27661331160115 231.9325635403206
223.51432143138 232.71535888346995
220.69539148310116 233.21279833202476
217.84668605951114 233.4203564135046
214.9956545921278 233.33590217504258
212.17013400752532 232.95980959028253
209.39812665872634 232.29505230579448
206.7075567973688 231.34727842762933
204.12600756231728 230.12486112321398
201.68044119765668 228.63892099443734
199.39690595993966 226.90331648264018
197.30023390709934 224.93459900938697
195.41373445003507 222.7519301466696
193.75888915891298 220.37695884745696
192.35505381390536 217.8336576444013
191.21917403880994 215.14811772352994
190.365521023008 212.34830387345212
189.80545379556287 209.4637714621347
189.5472142465322 206.52534875772275
189.59576058743394 203.56478903649025
189.9526442108233 200.61439795633
190.61593396746832 197.70664256568685
191.58019076159684 194.87374901780993
192.8364941152067 192.1472965296966
194.37252102604816 189.55781533726585
196.1726761010226 187.13439634086825
198.2182706493402 184.904319811808
200.48774722675944 182.89270996047392
202.9569450851442 181.12222138354744
205.59940114096233 179.612762456639
208.386680459152 178.3812596724129
211.28872986706327 177.44146579908522
214.27424816419796 176.8038136055572
217.31106646106494 176.47531581800487
220.36653243746275 176.45951098107244
223.4078927218312 176.75645402727133
226.4026681194619 177.36274963178238
229.3190170177362 178.27162585626172
232.1260829325212 179.47304516370377
234.79432279710343 180.9538496073737
237.2958132052939 182.69793684404033
239.60453238225827 184.6864635745283
241.69661615602666 186.89807305003015
243.55058663212128 189.3091433774574
245.14755263190443 191.89405348946354
246.4713812456162 194.62546379525
247.50884008088477 197.4746086807438
248.24970996653573 200.41159816875893
248.68686801099344 203.40572617258175
248.81634102611898 206.42578287487072
248.63732942229143 209.44036883582635
248.1522017693183 212.4182084810056
247.36646030940676 215.32846064287435
246.28867781036368 218.14102383587698
244.93040626507423 220.82683393832494
243.30605808097135 223.35815194240732
241.43276056270943 225.70883942310127
239.33018467295494 227.85461937472002
237.02034925890376 229.77332007699954
234.5274021532233 231.44509968716883
231.87737979376342 232.8526493157993
229.09794725171759 233.9813724368818
226.2181208072531 234.81953860997226
223.26797545865958 235.35840965664676
220.27833998909213 235.5923366359441
217.28048243714764 235.51882620370966
214.30578901701102 235.13857521727212
211.38543970422424 234.4554727569303
208.55008383825415 233.4765690753812
205.8295191876471 232.21201135049742
203.25237797322657 230.67494649986162
200.84582334611122 228.8813917105355
198.63525976805147 226.85007373747547
196.64406064068507 224.60223842126825
194.89331637804136 222.16143226279405
193.40160591449865 219.55325826150448
192.18479439114566 216.80510856803897
191.25585947097585 213.94587681426313