0.0 200.0
-0.2 199.8
-0.398 199.40200000000002
-0.59402 198.80798000000001
-0.7880798 198.01990020000002
-0.980199002 197.03970119800002
-1.17039701198 195.86930418602003
-1.3586930418602 194.51061114415984
-1.5451061114415978 192.96550503271823
-1.729655050327182 191.23584998239104
-1.91235849982391 189.32349148256714
-2.093234914825671 187.23025656774146
-2.2723025656774145 184.95795400206404
-2.44957954002064 182.5083744620434
-2.625083744620434 179.88329071742297
-2.7988329071742295 177.08445781024875
-2.9708445781024873 174.11361323214626
-3.1411361323214626 170.9724770998248
-3.309724770998248 167.66275232882654
-3.4766275232882657 164.18612480553827
-3.641861248055383 160.54426355748288
-3.805442635574829 156.73882092190806
-3.967388209219081 152.77143271268898
-4.12771432712689 148.6437183855621
-4.286437183855622 144.35728120170648
-4.443572812017066 139.91370838968942
-4.5991370838968955 135.31457130579253
-4.753145713057926 130.5614255927346
-4.905614255927347 125.65581133680725
-5.056558113368073 120.59925322343918
-5.205992532234392 115.39326069120479
-5.353932606912048 110.03932808429273
-5.5003932808429274 104.5389348034498
-5.645389348034498 98.8935454554153
-5.788935454554153 93.10461000086116
-5.931046100008611 87.17356390085254
-6.0717356390085255 81.10182826184402
-6.21101828261844 74.89080997922558
-6.348908099792255 68.54190187943333
-6.485419018794333 62.056482860638994
-6.62056482860639 55.4359180320326
-6.754359180320326 48.681558851712275
-6.8868155885171225 41.79474326319515
-7.017947432631951 34.7767958305632
-7.147767958305631 27.62902787225757
-7.276290278722575 20.352737593534997
-7.403527375935349 12.949210217599648
-7.529492102175996 5.419718115423652
-7.654197181154236 -2.234479065730585
-7.777655209342694 -10.01213427507328
-7.899878657249267 -17.912012932322547
-8.020879870676774 -25.93289280299932
-8.140671071970006 -34.073563874969324
-8.259264361250306 -42.332828236219626
-8.376671717637803 -50.70949995385743
-8.492905000461425 -59.20240495431886
-8.607975950456812 -67.81038090477567
-8.721896190952243 -76.53227709572792
-8.834677229042722 -85.36695432477065
-8.946330456752294 -94.31328478152294
-9.056867152184772 -103.37015193370772